T_temps=[135 105 107 117 130 134 138 172 161 163 174 178 214 236 207 216 225 240 247 254 298 270 284 297 299 312 324 330 339 346 357 369 379 412 408 408 421 419 435 445 ];
